0,0.085977,0.005417,0.088268,0.018265,0.190120,0.035726,0.134255,0.441973
0,0.066230,0.004421,0.230895,0.009938,0.262230,0.064212,0.017617,0.344456
0,0.003766,0.000003,0.185296,0.051621,0.583161,0.002451,0.086214,0.087487
0,0.000000,0.424069,0.073037,0.046152,0.001712,0.455020,0.000010,0.000000
0,0.061921,0.000874,0.189670,0.000000,0.260029,0.017569,0.000017,0.469919
0,0.000000,0.000049,0.147012,0.104870,0.672451,0.014274,0.024352,0.036992
0,0.000000,0.041582,0.051237,0.095840,0.000195,0.811146,0.000000,0.000000
0,0.089733,0.015124,0.217340,0.016361,0.328008,0.076719,0.057402,0.199313
0,0.074358,0.000625,0.188067,0.000000,0.257627,0.008929,0.000029,0.470365
0,0.069899,0.016396,0.218470,0.002184,0.250228,0.060928,0.039593,0.342301
0,0.028976,0.000058,0.162315,0.001377,0.240052,0.020584,0.004641,0.541997
0,0.015918,0.059388,0.239499,0.009847,0.346061,0.123239,0.016051,0.189997
0,0.000003,0.059967,0.110029,0.123763,0.000996,0.704990,0.000244,0.000007
0,0.017324,0.124245,0.299681,0.002367,0.188197,0.134974,0.062093,0.171120
0,0.000000,0.000020,0.289056,0.330579,0.328802,0.045368,0.005677,0.000498
0,0.003083,0.042360,0.297972,0.013874,0.242083,0.118255,0.139710,0.142663
0,0.000537,0.205589,0.341930,0.007946,0.179255,0.155221,0.030719,0.078802
0,0.041270,0.006341,0.096413,0.024648,0.249069,0.025830,0.271751,0.284678
0,0.016800,0.000000,0.282060,0.000017,0.392280,0.000006,0.009595,0.299242
0,0.007786,0.135973,0.391273,0.010687,0.215433,0.110417,0.013239,0.115192
0,0.017741,0.112598,0.207874,0.024102,0.230736,0.184004,0.019476,0.203470
0,0.066094,0.011188,0.062568,0.021315,0.440488,0.015046,0.127738,0.255563
0,0.080804,0.000017,0.145341,0.000000,0.448287,0.004068,0.000006,0.321476
0,0.007471,0.047751,0.331136,0.002738,0.224404,0.080465,0.034557,0.271478
0,0.000046,0.009619,0.230775,0.333607,0.218991,0.192044,0.007949,0.006969
0,0.000426,0.000000,0.127464,0.034935,0.632640,0.004531,0.046370,0.153633
0,0.000469,0.005660,0.249624,0.006667,0.267703,0.036267,0.001227,0.432384
0,0.008066,0.028307,0.330622,0.009313,0.253005,0.138584,0.121475,0.110628
0,0.003324,0.190091,0.324593,0.000566,0.151191,0.120918,0.033734,0.175583
0,0.001829,0.048727,0.411201,0.059352,0.284137,0.123913,0.004147,0.066693
0,0.030101,0.002236,0.134264,0.016149,0.233952,0.033366,0.092852,0.457080
0,0.000000,0.000218,0.219762,0.174613,0.555788,0.028763,0.012949,0.007907
0,0.000003,0.022611,0.141149,0.497119,0.013379,0.324733,0.000947,0.000059
0,0.000000,0.005436,0.281833,0.200905,0.009173,0.502412,0.000241,0.000000
0,0.101497,0.048831,0.218216,0.013789,0.210791,0.114626,0.062529,0.229720
0,0.004219,0.181084,0.439906,0.000544,0.178890,0.113096,0.004323,0.077939
0,0.000107,0.034935,0.066576,0.590807,0.001510,0.304557,0.001465,0.000042
0,0.001237,0.137630,0.360791,0.003158,0.189049,0.255658,0.010449,0.042028
0,0.043923,0.005557,0.139886,0.029479,0.274248,0.046963,0.097666,0.362279
0,0.035404,0.055768,0.379209,0.009661,0.217669,0.053034,0.048851,0.200404
0,0.000000,0.317773,0.106514,0.055609,0.003838,0.516237,0.000023,0.000007
0,0.000195,0.018516,0.165160,0.550143,0.029749,0.232536,0.003574,0.000127
0,0.008096,0.010996,0.261842,0.006842,0.451914,0.023337,0.056419,0.180553
0,0.045449,0.004583,0.050140,0.072480,0.176803,0.033737,0.376891,0.239915
0,0.086491,0.004795,0.044535,0.090358,0.160550,0.017939,0.443053,0.152279
0,0.000000,0.186178,0.049268,0.177962,0.035560,0.538343,0.012233,0.000456
0,0.000241,0.100176,0.024193,0.108503,0.019769,0.701523,0.013857,0.031738
0,0.005342,0.139674,0.351999,0.010199,0.249958,0.117943,0.022350,0.102536
0,0.017585,0.009274,0.511842,0.004144,0.249382,0.019007,0.047132,0.141634
0,0.002930,0.072383,0.357337,0.001455,0.281035,0.101559,0.014183,0.169118
0,0.002751,0.199310,0.425625,0.003737,0.137272,0.150098,0.007689,0.073519
0,0.007692,0.005101,0.428991,0.019977,0.354756,0.022806,0.081217,0.079460
0,0.006788,0.000000,0.257558,0.000000,0.360966,0.001343,0.027905,0.345440
0,0.005399,0.002471,0.218605,0.001632,0.310237,0.025075,0.000822,0.435758
0,0.000596,0.038727,0.145436,0.168337,0.003516,0.640456,0.002848,0.000085
0,0.003636,0.003079,0.136299,0.035329,0.294417,0.047279,0.118568,0.361393
0,0.007376,0.002679,0.135160,0.017718,0.261250,0.026833,0.183057,0.365928
0,0.126312,0.004352,0.084137,0.027178,0.177223,0.028040,0.220065,0.332692
0,0.000166,0.103203,0.048408,0.164121,0.000771,0.682210,0.001055,0.000065
0,0.033135,0.057376,0.338132,0.014645,0.198057,0.041546,0.045869,0.271240
0,0.000114,0.247907,0.367871,0.005690,0.161182,0.156481,0.013096,0.047660
0,0.055150,0.005762,0.089434,0.014958,0.215062,0.049450,0.145771,0.424414
0,0.000000,0.001730,0.506719,0.000000,0.331163,0.050446,0.000000,0.109942
0,0.019186,0.019733,0.166156,0.006257,0.481045,0.046012,0.005153,0.256458
0,0.063268,0.039121,0.203158,0.008262,0.184089,0.058167,0.012839,0.431097
0,0.004242,0.013503,0.333255,0.032731,0.346172,0.069199,0.088229,0.112669
0,0.016826,0.019723,0.411517,0.018073,0.260156,0.051247,0.131608,0.090850
0,0.000492,0.085850,0.454385,0.009626,0.189036,0.191058,0.014515,0.055039
0,0.000723,0.006603,0.247471,0.006823,0.256499,0.033571,0.004647,0.443663
0,0.010017,0.000046,0.324612,0.000046,0.372384,0.000469,0.002182,0.290243
0,0.000576,0.082708,0.090267,0.248301,0.004808,0.571644,0.001670,0.000026
0,0.030970,0.001113,0.105589,0.012917,0.264785,0.046452,0.204043,0.334131
0,0.015846,0.020872,0.164714,0.018177,0.539678,0.034053,0.016084,0.190576
0,0.015404,0.057878,0.280234,0.010459,0.357868,0.094359,0.010625,0.173174
0,0.009053,0.023757,0.269440,0.020814,0.308415,0.097087,0.170120,0.101315
0,0.021149,0.006113,0.139600,0.024020,0.446257,0.010537,0.109258,0.243066
0,0.010527,0.001810,0.104648,0.069128,0.321214,0.048324,0.212464,0.231885
0,0.012720,0.000324,0.272188,0.000017,0.363623,0.000839,0.011024,0.339265
0,0.002018,0.279749,0.198825,0.038024,0.091344,0.375924,0.002344,0.011771
0,0.020342,0.021038,0.415381,0.011943,0.252399,0.055368,0.101110,0.122419
0,0.002487,0.061022,0.349993,0.004313,0.253285,0.086035,0.023519,0.219346
0,0.020290,0.022253,0.395674,0.012738,0.269365,0.082253,0.083812,0.113617
0,0.004294,0.000000,0.074271,0.000035,0.335955,0.000029,0.036603,0.548814
0,0.088402,0.004798,0.101344,0.026344,0.168255,0.031589,0.135622,0.443646
0,0.021100,0.061061,0.363942,0.004229,0.208145,0.069297,0.034502,0.237725
0,0.000023,0.001436,0.400303,0.182191,0.362217,0.051507,0.002035,0.000290
0,0.001201,0.000000,0.146585,0.040091,0.634131,0.005869,0.070833,0.101289
0,0.087656,0.000006,0.149172,0.000000,0.401059,0.007610,0.000029,0.354468
0,0.003851,0.237689,0.371735,0.000059,0.169964,0.110469,0.016312,0.089922
0,0.000000,0.401341,0.083047,0.042533,0.001882,0.471090,0.000107,0.000000
0,0.057891,0.031055,0.265599,0.022428,0.302894,0.092201,0.031787,0.196146
0,0.037246,0.004069,0.073014,0.031159,0.378838,0.019850,0.237194,0.218630
0,0.005514,0.053512,0.456641,0.010020,0.185342,0.129147,0.006995,0.152829
0,0.001735,0.064170,0.359492,0.006608,0.232220,0.117165,0.025856,0.192754
0,0.000889,0.000033,0.160846,0.037865,0.597038,0.011012,0.064593,0.127725
0,0.001387,0.000013,0.220316,0.065697,0.577507,0.017354,0.041201,0.076527
0,0.000000,0.000361,0.292337,0.255485,0.417399,0.027594,0.004691,0.002132
0,0.061025,0.038125,0.178167,0.004948,0.438213,0.056589,0.022660,0.200273
0,0.019912,0.096579,0.468516,0.005586,0.180189,0.169134,0.024945,0.035140
0,0.014437,0.007025,0.122637,0.010928,0.209124,0.040407,0.176712,0.418730
0,0.036134,0.001991,0.203686,0.000503,0.288345,0.023322,0.000648,0.445370
0,0.000111,0.002832,0.140378,0.065723,0.584521,0.032087,0.029131,0.145218
0,0.000469,0.038981,0.524902,0.013551,0.223975,0.113809,0.022897,0.061416
0,0.055547,0.001855,0.254753,0.021289,0.352402,0.015785,0.139984,0.158385
0,0.000026,0.143610,0.316748,0.027588,0.246491,0.196618,0.007917,0.061003
0,0.000208,0.000046,0.147572,0.083304,0.540423,0.013555,0.062773,0.152119
0,0.041036,0.000041,0.260428,0.000961,0.385694,0.001209,0.024902,0.285729
0,0.037949,0.012204,0.350365,0.008138,0.275436,0.054593,0.101432,0.159883
0,0.006885,0.034417,0.248949,0.031602,0.286608,0.128711,0.059785,0.203044
0,0.000486,0.000000,0.229873,0.000000,0.363461,0.004005,0.007685,0.394491
0,0.088643,0.012562,0.104613,0.016592,0.293877,0.025573,0.099870,0.358271
0,0.014740,0.165221,0.429697,0.002555,0.150658,0.221100,0.000785,0.015244
0,0.086123,0.000023,0.129242,0.000000,0.320544,0.004780,0.000110,0.459178
0,0.034382,0.001204,0.227897,0.009642,0.282982,0.019092,0.198369,0.226432
0,0.097048,0.011201,0.154427,0.016895,0.436175,0.025511,0.006462,0.252282
0,0.000003,0.568949,0.083477,0.030199,0.020290,0.296416,0.000479,0.000189
0,0.002257,0.002477,0.502454,0.000168,0.273027,0.038032,0.000110,0.181476
0,0.005905,0.040680,0.331504,0.075254,0.189323,0.193717,0.019401,0.144215
0,0.039525,0.009001,0.130104,0.033711,0.309007,0.039336,0.099173,0.340143
0,0.000013,0.095599,0.041377,0.052565,0.000303,0.810088,0.000055,0.000000
0,0.000602,0.000000,0.301493,0.000000,0.355984,0.000706,0.003345,0.337870
0,0.000127,0.002249,0.109518,0.053076,0.668776,0.020013,0.036273,0.109967
0,0.000104,0.000000,0.259543,0.000052,0.436071,0.005284,0.003032,0.295914
0,0.004596,0.077067,0.246442,0.009720,0.261823,0.165911,0.079893,0.154548
0,0.011696,0.004118,0.121882,0.006644,0.223809,0.033968,0.083499,0.514385
0,0.005850,0.175316,0.489818,0.003421,0.134880,0.136139,0.023392,0.031185
0,0.004622,0.166764,0.491507,0.002480,0.138021,0.146979,0.021172,0.028454
0,0.012216,0.001250,0.461209,0.000422,0.322784,0.016250,0.004716,0.181152
0,0.001551,0.000000,0.259965,0.000000,0.404520,0.000000,0.000359,0.333605
0,0.001019,0.068532,0.379938,0.003213,0.238223,0.117565,0.013115,0.178395
0,0.000143,0.004694,0.238512,0.425365,0.062262,0.229915,0.021911,0.017197
0,0.065885,0.000069,0.160023,0.000058,0.471348,0.008652,0.000006,0.293958
0,0.001455,0.000374,0.162868,0.097337,0.583522,0.023454,0.038070,0.092920
0,0.000059,0.009482,0.155905,0.499652,0.020840,0.312731,0.001283,0.000049
1,0.058535,0.010215,0.010785,0.003467,0.100163,0.002507,0.313255,0.501074
1,0.236982,0.019798,0.088229,0.002702,0.140768,0.013988,0.171058,0.326475
1,0.082773,0.004326,0.010794,0.023740,0.318405,0.003743,0.463672,0.092546
1,0.000000,0.361986,0.007982,0.038747,0.000059,0.591227,0.000000,0.000000
1,0.185951,0.034844,0.117240,0.000306,0.130319,0.016992,0.059609,0.454740
1,0.044753,0.005410,0.022246,0.023132,0.177419,0.007148,0.492321,0.227572
1,0.000000,0.211621,0.006172,0.027360,0.000013,0.754834,0.000000,0.000000
1,0.057402,0.015173,0.083174,0.006868,0.493851,0.011292,0.116660,0.215579
1,0.030514,0.037777,0.130254,0.012926,0.381748,0.036237,0.129801,0.240742
1,0.048962,0.070120,0.212253,0.001911,0.400661,0.027467,0.026917,0.211709
1,0.003304,0.033923,0.268040,0.032653,0.359382,0.030111,0.037357,0.235231
1,0.132705,0.026478,0.117507,0.010771,0.251882,0.024124,0.045723,0.390811
1,0.030065,0.042119,0.107386,0.012490,0.220817,0.010641,0.072552,0.503929
1,0.036683,0.021120,0.275794,0.022549,0.402910,0.015202,0.074775,0.150967
1,0.058242,0.006208,0.021719,0.014046,0.163464,0.006992,0.549085,0.180244
1,0.045599,0.010111,0.031357,0.000244,0.475719,0.001110,0.058844,0.377015
1,0.029463,0.005046,0.115439,0.038525,0.507116,0.007090,0.109300,0.188021
1,0.215791,0.043493,0.139440,0.000036,0.123050,0.016149,0.083441,0.378600
1,0.016686,0.029801,0.214984,0.027933,0.251693,0.039395,0.051058,0.368451
1,0.087018,0.119222,0.251715,0.000163,0.181357,0.051784,0.031764,0.276976
1,0.088024,0.045111,0.135049,0.001191,0.433132,0.018011,0.083796,0.195687
1,0.000000,0.192734,0.012507,0.023984,0.000150,0.770625,0.000000,0.000000
1,0.047871,0.027669,0.116188,0.001592,0.149167,0.006159,0.043991,0.607363
1,0.043623,0.060482,0.187132,0.006488,0.410928,0.028242,0.029902,0.233203
1,0.075309,0.020557,0.103649,0.012900,0.417646,0.008154,0.122633,0.239150
1,0.311025,0.012240,0.072305,0.003704,0.133730,0.013441,0.188395,0.265160
1,0.051553,0.018704,0.047832,0.052253,0.538630,0.015163,0.158525,0.117340
1,0.101732,0.044479,0.131224,0.007360,0.182461,0.044196,0.057197,0.431351
1,0.048643,0.019066,0.233118,0.026882,0.250394,0.050430,0.096357,0.275111
1,0.027858,0.051074,0.240130,0.000335,0.463509,0.030941,0.035599,0.150553
1,0.000824,0.012777,0.113164,0.276751,0.451201,0.025439,0.065739,0.054105
1,0.001390,0.000348,0.030264,0.198118,0.543503,0.003743,0.165114,0.057520
1,0.134082,0.038851,0.110846,0.000020,0.222148,0.011432,0.022184,0.460436
1,0.164782,0.022734,0.087891,0.000527,0.240892,0.004085,0.178421,0.300667
1,0.186924,0.029987,0.131100,0.006683,0.164313,0.021009,0.062611,0.397373
1,0.141234,0.005768,0.015651,0.029971,0.207269,0.005941,0.486120,0.108047
1,0.034652,0.027819,0.078610,0.002236,0.268421,0.006331,0.157428,0.424502
1,0.018053,0.029687,0.273219,0.021042,0.275085,0.024098,0.042738,0.316077
1,0.070755,0.043239,0.283936,0.000758,0.136872,0.004430,0.002894,0.457116
1,0.011501,0.052103,0.157357,0.008457,0.563646,0.030690,0.047432,0.128815
1,0.053343,0.013424,0.065498,0.004066,0.488490,0.003278,0.135583,0.236318
1,0.134906,0.073568,0.168965,0.001826,0.262480,0.034056,0.048203,0.275996
1,0.033825,0.019964,0.102100,0.033649,0.295114,0.045348,0.217214,0.252786
1,0.114434,0.019681,0.094170,0.013900,0.387718,0.023395,0.170596,0.176107
1,0.109993,0.076693,0.189909,0.000020,0.127301,0.027201,0.053454,0.415430
1,0.094310,0.032923,0.093428,0.000244,0.391312,0.013936,0.060830,0.313018
1,0.151432,0.033483,0.123252,0.002933,0.148050,0.004476,0.108981,0.427393
1,0.139632,0.062005,0.186380,0.010550,0.156315,0.042487,0.038337,0.364294
1,0.134502,0.072529,0.165534,0.000355,0.122217,0.031087,0.096100,0.377676
1,0.120687,0.005882,0.012559,0.002422,0.137432,0.002363,0.238392,0.480264
1,0.001351,0.020973,0.231810,0.087939,0.456341,0.066702,0.081374,0.053509
1,0.000003,0.012845,0.092360,0.658467,0.029974,0.202187,0.004004,0.000160
1,0.019043,0.038112,0.195339,0.004945,0.313395,0.017113,0.064290,0.347764
1,0.050241,0.076634,0.158630,0.001790,0.396292,0.008057,0.012253,0.296104
1,0.018561,0.013607,0.147386,0.040423,0.577178,0.004619,0.070928,0.127298
1,0.131403,0.028382,0.120081,0.001237,0.201230,0.021377,0.074245,0.422044
1,0.032376,0.045286,0.170651,0.007259,0.302637,0.039691,0.081595,0.320505
1,0.001533,0.018219,0.268190,0.078307,0.431351,0.056904,0.082998,0.062497
1,0.118695,0.069860,0.163467,0.000482,0.367201,0.021357,0.044453,0.214486
1,0.115687,0.027646,0.114303,0.003672,0.208564,0.021029,0.194827,0.314271
1,0.100319,0.044570,0.292181,0.002096,0.090169,0.014629,0.015452,0.440583
1,0.024596,0.009222,0.086071,0.042803,0.495742,0.001868,0.055908,0.283789
1,0.228271,0.044808,0.151341,0.003825,0.136032,0.023760,0.035605,0.376357
1,0.109961,0.030778,0.065560,0.001211,0.117357,0.004707,0.052982,0.617445
1,0.039720,0.023014,0.188044,0.013229,0.388975,0.007240,0.082474,0.257305
1,0.001149,0.006240,0.098096,0.132148,0.442969,0.043177,0.213219,0.063001
1,0.039469,0.042305,0.156937,0.010775,0.201133,0.014893,0.051279,0.483210
1,0.000010,0.033643,0.084059,0.550094,0.117842,0.200329,0.013584,0.000439
1,0.045407,0.036097,0.213369,0.054463,0.330791,0.012373,0.060153,0.247347
1,0.094694,0.043070,0.130212,0.013011,0.181377,0.063291,0.036540,0.437806
1,0.032998,0.040156,0.131364,0.014818,0.211748,0.012174,0.086475,0.470267
1,0.080452,0.062119,0.221331,0.000687,0.247233,0.029808,0.027975,0.330394
1,0.014186,0.049154,0.161387,0.005970,0.547054,0.022344,0.029912,0.169993
1,0.084792,0.053949,0.117871,0.000807,0.292168,0.013063,0.067301,0.370049
1,0.000618,0.001289,0.035042,0.136559,0.442728,0.013193,0.306074,0.064495
1,0.032891,0.015290,0.056738,0.002712,0.344316,0.007887,0.164287,0.375879
1,0.119398,0.003825,0.034170,0.002568,0.087620,0.006305,0.288607,0.457507
1,0.009635,0.048213,0.147786,0.005924,0.508118,0.032031,0.052207,0.196084
1,0.086686,0.057751,0.119242,0.000485,0.229339,0.015911,0.034863,0.455723
1,0.066351,0.070947,0.121331,0.001318,0.437988,0.005273,0.009368,0.287422
1,0.207738,0.007734,0.019935,0.003337,0.175238,0.002747,0.235986,0.347285
1,0.043945,0.036419,0.121725,0.003340,0.281885,0.025771,0.073337,0.413577
1,0.151230,0.027080,0.149840,0.001126,0.283200,0.007630,0.138115,0.241777
1,0.020703,0.017956,0.036087,0.002786,0.449600,0.014368,0.073737,0.384762
1,0.036335,0.021185,0.192965,0.003317,0.550306,0.007451,0.099844,0.088597
1,0.035114,0.023083,0.173382,0.010674,0.229687,0.006556,0.060384,0.461120
1,0.066364,0.020664,0.066172,0.007158,0.332559,0.013926,0.215163,0.277995
1,0.000000,0.245260,0.007897,0.027067,0.000133,0.719642,0.000000,0.000000
1,0.079430,0.032992,0.154642,0.004362,0.210332,0.009092,0.121188,0.387962
1,0.008568,0.007471,0.055283,0.049307,0.423021,0.013298,0.260885,0.182168
1,0.225143,0.067272,0.153047,0.000023,0.115234,0.007679,0.003223,0.428379
1,0.053822,0.100999,0.334212,0.002106,0.164928,0.053942,0.047520,0.242471
1,0.056732,0.021862,0.143118,0.000560,0.137656,0.003307,0.041602,0.595163
1,0.078662,0.054619,0.424463,0.065804,0.174964,0.032454,0.015749,0.153285
1,0.018809,0.036234,0.160859,0.007240,0.303285,0.035439,0.099173,0.338962
1,0.000000,0.305667,0.008835,0.028753,0.000007,0.656738,0.000000,0.000000
1,0.025605,0.014186,0.076237,0.004860,0.456615,0.005215,0.058525,0.358757
1,0.138421,0.037738,0.134466,0.000091,0.125273,0.015690,0.069954,0.478366
1,0.000003,0.027135,0.162865,0.560192,0.095146,0.149886,0.004567,0.000205
1,0.027630,0.030446,0.134925,0.013535,0.321865,0.014749,0.065475,0.391374
1,0.027152,0.016745,0.304954,0.066878,0.332327,0.043535,0.075648,0.132760
1,0.037972,0.027445,0.175850,0.044899,0.442666,0.011937,0.148304,0.110928
1,0.070911,0.047090,0.198867,0.000270,0.135394,0.003701,0.004531,0.539235
1,0.000514,0.017337,0.231201,0.271159,0.397965,0.048509,0.019645,0.013669
1,0.078229,0.085280,0.229225,0.001979,0.400426,0.036302,0.022747,0.145811
1,0.118750,0.036491,0.150322,0.011452,0.302005,0.009870,0.097764,0.273346
1,0.051891,0.029098,0.214827,0.001553,0.274066,0.015133,0.101133,0.312298
1,0.027357,0.039277,0.173171,0.006693,0.284115,0.014046,0.048620,0.406722
1,0.138665,0.018558,0.134544,0.001165,0.111722,0.003789,0.062871,0.528685
1,0.123984,0.014421,0.080898,0.000671,0.181403,0.010186,0.109222,0.479215
1,0.037588,0.038001,0.185902,0.016475,0.274596,0.019333,0.055973,0.372132
1,0.165674,0.029521,0.065726,0.001097,0.124281,0.008587,0.091156,0.513958
1,0.017148,0.036891,0.128682,0.012292,0.300400,0.011673,0.067933,0.424980
1,0.032832,0.007611,0.046969,0.005967,0.271693,0.003327,0.081764,0.549837
1,0.076094,0.021387,0.182288,0.014691,0.436686,0.009561,0.093148,0.166146
1,0.027982,0.030042,0.138372,0.002093,0.166058,0.005228,0.030661,0.599564
1,0.011859,0.052796,0.158223,0.009124,0.311165,0.020046,0.085433,0.351354
1,0.251224,0.009456,0.063164,0.003923,0.142533,0.009658,0.221934,0.298109
1,0.000270,0.011162,0.076211,0.165160,0.494258,0.021361,0.165537,0.066042
1,0.000013,0.195570,0.102865,0.071702,0.003184,0.625977,0.000648,0.000042
1,0.036888,0.027682,0.161188,0.001979,0.391852,0.035374,0.083714,0.261322
1,0.059417,0.035212,0.225703,0.003740,0.198779,0.011061,0.067340,0.398747
1,0.000000,0.230641,0.015986,0.032214,0.000114,0.721045,0.000000,0.000000
1,0.008496,0.026510,0.147419,0.015459,0.482721,0.012956,0.149157,0.157282
1,0.000023,0.025911,0.129674,0.638926,0.085036,0.113503,0.006546,0.000381
2,0.091992,0.008480,0.160189,0.026185,0.207663,0.012445,0.067679,0.425368
2,0.096748,0.000033,0.005143,0.088385,0.228242,0.007100,0.392829,0.181520
2,0.079720,0.010540,0.173558,0.006540,0.317067,0.030612,0.023102,0.358861
2,0.103984,0.082673,0.292497,0.001387,0.183789,0.032627,0.021084,0.281960
2,0.013158,0.002562,0.113040,0.189297,0.262822,0.041742,0.137627,0.239753
2,0.060547,0.005973,0.180426,0.059245,0.236299,0.015384,0.041400,0.400726
2,0.028672,0.000010,0.021924,0.165283,0.343158,0.000446,0.185202,0.255306
2,0.007585,0.125589,0.147910,0.117067,0.259023,0.190365,0.033294,0.119167
2,0.023939,0.000000,0.015762,0.166556,0.288232,0.000023,0.211917,0.293571
2,0.073298,0.014801,0.218949,0.047340,0.323161,0.027572,0.068581,0.226299
2,0.165091,0.000911,0.008271,0.048089,0.198792,0.010658,0.216872,0.351315
2,0.035885,0.029801,0.345420,0.020749,0.221755,0.109001,0.077021,0.160368
2,0.108581,0.009076,0.067292,0.032002,0.167549,0.028597,0.064561,0.522344
2,0.223395,0.055033,0.234818,0.009076,0.154170,0.049619,0.025798,0.248092
2,0.174365,0.001628,0.021423,0.040420,0.184622,0.012770,0.245693,0.319079
2,0.088971,0.111930,0.246120,0.041510,0.121725,0.075752,0.053704,0.260286
2,0.013252,0.000000,0.082812,0.061943,0.531182,0.001846,0.170251,0.138714
2,0.203301,0.000182,0.040592,0.019414,0.158018,0.007653,0.072376,0.498464
2,0.021156,0.018278,0.197546,0.093610,0.329948,0.108809,0.067373,0.163281
2,0.183236,0.000000,0.156761,0.022240,0.205872,0.011846,0.041094,0.378952
2,0.094746,0.004222,0.083613,0.057523,0.225107,0.003011,0.095495,0.436283
2,0.093083,0.070264,0.264466,0.009518,0.108561,0.038066,0.040280,0.375762
2,0.012656,0.005758,0.193161,0.101396,0.313857,0.091107,0.042126,0.239938
2,0.003900,0.000010,0.029632,0.070221,0.574023,0.005254,0.098151,0.218809
2,0.111670,0.000000,0.007764,0.056543,0.200010,0.001374,0.257122,0.365518
2,0.096592,0.000615,0.005908,0.038717,0.131523,0.006188,0.299010,0.421445
2,0.082041,0.038932,0.199521,0.076006,0.188766,0.140042,0.036862,0.237829
2,0.044958,0.008206,0.125560,0.178747,0.350394,0.070091,0.086048,0.135996
2,0.021729,0.000046,0.039121,0.056784,0.444030,0.002845,0.227682,0.207764
2,0.110508,0.012653,0.116117,0.129264,0.166403,0.028499,0.051126,0.385430
2,0.075199,0.011657,0.271393,0.024443,0.187201,0.014489,0.045339,0.370280
2,0.084762,0.000576,0.009017,0.041120,0.263460,0.004261,0.221325,0.375479
2,0.012878,0.000016,0.056302,0.030964,0.508574,0.000355,0.214082,0.176829
2,0.018418,0.001774,0.179574,0.055674,0.302354,0.048737,0.128555,0.264915
2,0.068330,0.000029,0.017682,0.032321,0.159495,0.001549,0.358027,0.362565
2,0.086520,0.002129,0.182930,0.066452,0.279365,0.021367,0.060117,0.301120
2,0.079782,0.003353,0.046924,0.056715,0.414144,0.027803,0.104551,0.266729
2,0.020736,0.015511,0.202438,0.087578,0.315332,0.104056,0.069212,0.185137
2,0.022760,0.000003,0.046774,0.024134,0.423379,0.000394,0.190518,0.292038
2,0.236514,0.000000,0.018405,0.018060,0.200661,0.003763,0.071465,0.451133
2,0.004857,0.000000,0.015065,0.088538,0.445954,0.000394,0.295260,0.149932
2,0.268737,0.000475,0.036715,0.043906,0.256439,0.020700,0.086950,0.286077
2,0.072998,0.046898,0.231563,0.019880,0.164766,0.069609,0.090918,0.303369
2,0.191032,0.000000,0.000986,0.031934,0.109697,0.002376,0.147852,0.516123
2,0.053766,0.001768,0.053597,0.111038,0.320013,0.004857,0.174870,0.280091
2,0.030326,0.000000,0.014154,0.047122,0.454697,0.000133,0.207871,0.245697
2,0.071738,0.000003,0.078034,0.051966,0.449671,0.009746,0.072992,0.265850
2,0.115247,0.023285,0.152917,0.099346,0.166471,0.037855,0.096960,0.307920
2,0.032344,0.118724,0.266087,0.068112,0.286318,0.153083,0.041510,0.033822
2,0.191947,0.003434,0.079206,0.011387,0.147425,0.018027,0.058743,0.489831
2,0.026950,0.000029,0.035293,0.137048,0.380677,0.000941,0.194342,0.224720
2,0.017845,0.000368,0.097917,0.069001,0.477207,0.010931,0.089316,0.237415
2,0.125967,0.000036,0.006540,0.034704,0.223955,0.001380,0.245065,0.362354
2,0.044023,0.000000,0.013493,0.023809,0.352913,0.000417,0.146494,0.418851
2,0.323978,0.000146,0.080124,0.010732,0.161501,0.004043,0.044977,0.374499
2,0.122031,0.000016,0.014691,0.048112,0.193805,0.001960,0.200898,0.418486
2,0.219173,0.000000,0.071556,0.020075,0.214385,0.009746,0.062038,0.403027
2,0.067129,0.000000,0.007852,0.025332,0.277907,0.000055,0.185745,0.435980
2,0.030752,0.049404,0.303760,0.039587,0.246338,0.228158,0.032155,0.069847
2,0.140553,0.000833,0.252223,0.001882,0.143639,0.011273,0.007275,0.442321
2,0.143167,0.007054,0.032536,0.025205,0.197620,0.013496,0.095934,0.484987
2,0.021488,0.013434,0.195329,0.098617,0.302725,0.088363,0.059238,0.220807
2,0.148984,0.044339,0.160449,0.036732,0.134727,0.046351,0.054886,0.373532
2,0.033577,0.000000,0.022419,0.043636,0.177643,0.000381,0.326520,0.395824
2,0.092077,0.068675,0.330645,0.000465,0.175820,0.013337,0.022067,0.296914
2,0.247370,0.000000,0.022835,0.027087,0.110469,0.015811,0.060443,0.515986
2,0.245632,0.001833,0.171979,0.005465,0.138005,0.011195,0.047712,0.378180
2,0.105264,0.004834,0.180566,0.089479,0.237214,0.009248,0.077959,0.295436
2,0.112223,0.011579,0.334362,0.005023,0.169710,0.002627,0.032399,0.332077
2,0.032751,0.000824,0.027155,0.197236,0.266361,0.004834,0.232236,0.238604
2,0.309333,0.000000,0.010859,0.038216,0.076296,0.013298,0.077542,0.474456
2,0.071758,0.002796,0.013363,0.127679,0.357380,0.022578,0.235980,0.168467
2,0.410221,0.012650,0.069762,0.034398,0.123040,0.024069,0.132682,0.193177
2,0.289046,0.000000,0.037874,0.014489,0.151468,0.004782,0.069720,0.432620
2,0.018753,0.000228,0.033496,0.050775,0.465404,0.009339,0.140658,0.281348
2,0.006530,0.000000,0.038643,0.126257,0.404886,0.001865,0.257008,0.164811
2,0.132646,0.004150,0.051598,0.058333,0.420143,0.037975,0.150869,0.144284
2,0.086982,0.010143,0.369795,0.000915,0.132676,0.006182,0.029196,0.364111
2,0.116165,0.000215,0.004889,0.013102,0.092581,0.001790,0.297552,0.473704
2,0.125212,0.000000,0.003158,0.022930,0.206009,0.000768,0.295439,0.346484
2,0.074984,0.077204,0.196152,0.060296,0.186533,0.097858,0.053864,0.253109
3,0.034938,0.270365,0.263698,0.008392,0.184355,0.031426,0.005820,0.201006
3,0.000000,0.455654,0.347113,0.011624,0.019427,0.164463,0.001546,0.000173
3,0.070736,0.158701,0.235234,0.002217,0.171637,0.066130,0.038831,0.256514
3,0.000000,0.321579,0.329564,0.022988,0.014137,0.311644,0.000068,0.000020
3,0.029780,0.043848,0.240966,0.000029,0.229028,0.049647,0.018171,0.388530
3,0.039912,0.123229,0.231003,0.010283,0.186204,0.055830,0.017487,0.336051
3,0.011424,0.111238,0.240532,0.000469,0.188102,0.062280,0.008160,0.377795
3,0.148522,0.016618,0.108037,0.017601,0.157184,0.020345,0.106895,0.424798
3,0.024964,0.043991,0.132624,0.068880,0.426602,0.096100,0.075697,0.131143
3,0.016660,0.098854,0.180879,0.015339,0.211725,0.066995,0.002080,0.407467
3,0.024854,0.063734,0.195628,0.018815,0.303216,0.016090,0.000934,0.376729
3,0.021065,0.001667,0.147454,0.016753,0.330729,0.018553,0.000145,0.463634
3,0.000020,0.582894,0.214417,0.001657,0.011305,0.186960,0.000218,0.002529
3,0.010267,0.024385,0.210850,0.084652,0.337038,0.089798,0.041006,0.202005
3,0.061237,0.062721,0.109313,0.042786,0.346995,0.069596,0.136908,0.170443
3,0.005482,0.017305,0.091742,0.276725,0.448962,0.085879,0.048184,0.025723
3,0.005303,0.011445,0.182376,0.053236,0.266012,0.092887,0.062926,0.325814
3,0.000003,0.295007,0.316113,0.021305,0.026940,0.339684,0.000599,0.000348
3,0.010839,0.023032,0.226100,0.009815,0.250937,0.022934,0.000590,0.455752
3,0.019456,0.038372,0.089333,0.091790,0.224544,0.048350,0.294150,0.194004
3,0.001885,0.003135,0.251481,0.081852,0.440973,0.057799,0.011351,0.151523
3,0.005199,0.000039,0.053822,0.077438,0.546211,0.009743,0.062715,0.244834
3,0.006976,0.012419,0.180003,0.074069,0.268734,0.102061,0.080020,0.275719
3,0.000316,0.035941,0.188164,0.200303,0.326898,0.224860,0.015088,0.008431
3,0.010391,0.107031,0.261436,0.035208,0.261224,0.036914,0.003916,0.283880
3,0.087432,0.144242,0.167464,0.017129,0.169268,0.073512,0.030622,0.310332
3,0.000000,0.364899,0.383330,0.027829,0.029508,0.193708,0.000654,0.000072
3,0.008258,0.379085,0.262344,0.008236,0.126556,0.088988,0.003564,0.122969
3,0.017669,0.239717,0.080166,0.031032,0.307399,0.085241,0.087308,0.151468
3,0.020225,0.116995,0.192204,0.008304,0.201312,0.044307,0.034883,0.381771
3,0.063532,0.050107,0.200127,0.006032,0.233551,0.027484,0.011660,0.407507
3,0.001090,0.037676,0.177998,0.208044,0.336217,0.202959,0.024368,0.011647
3,0.059497,0.025729,0.248611,0.004491,0.302106,0.042679,0.024068,0.292818
3,0.009294,0.052766,0.214010,0.000000,0.207633,0.054479,0.012969,0.448848
3,0.000013,0.571120,0.082360,0.002555,0.007210,0.336699,0.000007,0.000036
3,0.012147,0.022963,0.220150,0.015422,0.264352,0.022963,0.000075,0.441927
3,0.002005,0.030404,0.137057,0.163005,0.414990,0.157884,0.068551,0.026104
3,0.017279,0.193636,0.144040,0.053581,0.237178,0.125905,0.082725,0.145658
3,0.056100,0.181686,0.186748,0.002246,0.091260,0.065993,0.053828,0.362139
3,0.021432,0.046904,0.147347,0.072913,0.255413,0.059284,0.135160,0.261546
3,0.000684,0.048317,0.249056,0.069225,0.421113,0.169727,0.010553,0.031325
3,0.038009,0.019074,0.271800,0.003218,0.422245,0.039902,0.018391,0.187361
3,0.000449,0.039727,0.076969,0.153366,0.402122,0.091182,0.173437,0.062747
3,0.151471,0.111755,0.207972,0.016693,0.272002,0.051940,0.002233,0.185934
3,0.090645,0.147865,0.188255,0.009857,0.221042,0.030514,0.022848,0.288975
3,0.000000,0.468779,0.303721,0.001260,0.016250,0.206963,0.000029,0.002998
3,0.000537,0.031240,0.206842,0.090964,0.379821,0.124600,0.100465,0.065531
3,0.024317,0.031655,0.248021,0.003976,0.323767,0.056528,0.036354,0.275382
3,0.001006,0.051247,0.174801,0.096696,0.377744,0.142985,0.106247,0.049274
3,0.011497,0.023669,0.121689,0.064043,0.233874,0.079723,0.133519,0.331986
3,0.015326,0.048203,0.177650,0.087982,0.216038,0.118831,0.133083,0.202887
3,0.070283,0.071849,0.239154,0.010996,0.172982,0.029154,0.011136,0.394447
3,0.000410,0.006341,0.278473,0.084040,0.368070,0.079863,0.004469,0.178333
3,0.005544,0.024294,0.117747,0.051221,0.323626,0.057969,0.120176,0.299424
3,0.014601,0.072465,0.271829,0.000000,0.209155,0.010625,0.004578,0.416748
3,0.073385,0.005961,0.211157,0.002552,0.392841,0.025949,0.026354,0.261800
3,0.008264,0.053478,0.230723,0.000000,0.216493,0.059554,0.017205,0.414282
3,0.027747,0.051973,0.205570,0.023861,0.128473,0.038031,0.011846,0.512500
3,0.005192,0.000439,0.204310,0.082347,0.477738,0.031146,0.025970,0.172858
3,0.000020,0.598522,0.011745,0.004876,0.000146,0.384626,0.000049,0.000016
3,0.000000,0.330049,0.225755,0.028089,0.018512,0.397311,0.000247,0.000036
3,0.000531,0.100238,0.068870,0.317588,0.250791,0.206240,0.045964,0.009779
3,0.000283,0.064271,0.209844,0.142370,0.351468,0.183623,0.034150,0.013991
3,0.115932,0.016279,0.208212,0.001406,0.252691,0.026250,0.027309,0.351921
3,0.087559,0.090026,0.151403,0.003034,0.110452,0.033008,0.026608,0.497910
3,0.010680,0.037233,0.198786,0.068008,0.284235,0.095270,0.102259,0.203529
3,0.011862,0.290794,0.398174,0.005895,0.114486,0.060098,0.002972,0.115719
3,0.019157,0.112243,0.185693,0.012295,0.154642,0.025973,0.012874,0.477122
3,0.000007,0.405719,0.355599,0.027718,0.026312,0.183529,0.000960,0.000156
3,0.055625,0.093656,0.142581,0.001576,0.125915,0.042161,0.032559,0.505928
3,0.006224,0.136862,0.246628,0.022562,0.298509,0.054053,0.001911,0.233252
3,0.000010,0.452868,0.332480,0.002360,0.019782,0.189837,0.000130,0.002533
4,0.080225,0.000397,0.011283,0.186068,0.186820,0.035710,0.134880,0.364619
4,0.126104,0.000049,0.005241,0.003102,0.169779,0.000270,0.088796,0.606660
4,0.286868,0.000003,0.001468,0.003555,0.079102,0.000111,0.198379,0.430514
4,0.280941,0.000000,0.000462,0.003389,0.125046,0.000000,0.247142,0.343021
4,0.163428,0.006836,0.081826,0.099339,0.175417,0.062852,0.014574,0.395729
4,0.193213,0.000010,0.005885,0.003063,0.275684,0.000257,0.135107,0.386781
4,0.069733,0.004121,0.251891,0.068115,0.261224,0.084281,0.015111,0.245524
4,0.070182,0.000658,0.293171,0.029883,0.177497,0.056696,0.012292,0.359622
4,0.187152,0.025664,0.222090,0.025527,0.128421,0.058040,0.002044,0.351061
4,0.087376,0.000003,0.028779,0.055218,0.310745,0.009336,0.095270,0.413271
4,0.231390,0.001826,0.014372,0.046712,0.217959,0.012952,0.103730,0.371058
4,0.129710,0.000381,0.048161,0.004795,0.374092,0.007184,0.030413,0.405264
4,0.374528,0.000000,0.021423,0.000853,0.143014,0.000228,0.028893,0.431061
4,0.164450,0.000052,0.005179,0.001797,0.246380,0.000016,0.113851,0.468275
4,0.067477,0.013008,0.268717,0.046318,0.242100,0.085729,0.013232,0.263418
4,0.040544,0.000251,0.045160,0.057246,0.334303,0.003968,0.115176,0.403353
4,0.259808,0.000003,0.001413,0.007324,0.077806,0.000049,0.169632,0.483965
4,0.131761,0.000072,0.022025,0.005313,0.498936,0.002747,0.020732,0.318415
4,0.174694,0.000000,0.062549,0.022920,0.368161,0.000055,0.026514,0.345107
4,0.093070,0.000104,0.057777,0.060270,0.263695,0.003975,0.034508,0.486602
4,0.138385,0.000000,0.027803,0.076634,0.199854,0.004245,0.073600,0.479479
4,0.160947,0.000124,0.005475,0.003750,0.155120,0.000313,0.135130,0.539141
4,0.082757,0.000000,0.190150,0.000645,0.272933,0.000000,0.010505,0.443011
4,0.122409,0.000010,0.144678,0.000413,0.321468,0.000150,0.007878,0.402995
4,0.146624,0.000052,0.031908,0.101130,0.203779,0.006784,0.112425,0.397298
4,0.186178,0.000218,0.022201,0.004297,0.373392,0.001715,0.034756,0.377243
4,0.306729,0.000000,0.045068,0.001240,0.221484,0.000026,0.028141,0.397311
4,0.183890,0.000306,0.013708,0.105544,0.109476,0.016260,0.137497,0.433320
4,0.078379,0.001507,0.033311,0.061657,0.406826,0.007360,0.221507,0.189453
4,0.050934,0.000781,0.040264,0.061133,0.477721,0.006237,0.126556,0.236374
4,0.127845,0.000000,0.005241,0.019303,0.160068,0.000221,0.185303,0.502018
4,0.032500,0.001253,0.045661,0.110273,0.322100,0.014346,0.173890,0.299977
4,0.191540,0.000052,0.003802,0.102249,0.247236,0.001816,0.108597,0.344707
4,0.102432,0.020944,0.144694,0.074453,0.231107,0.074622,0.007012,0.344736
4,0.107503,0.010296,0.126107,0.049053,0.244316,0.040843,0.010859,0.411022
4,0.179023,0.000013,0.007240,0.137396,0.146836,0.004948,0.112461,0.412083
4,0.138929,0.002819,0.041380,0.115605,0.243659,0.008040,0.074801,0.374766
4,0.063923,0.001253,0.104609,0.064056,0.236110,0.029860,0.018551,0.481637
4,0.131553,0.000052,0.084925,0.000615,0.327178,0.000055,0.010055,0.445566
4,0.062975,0.000983,0.022598,0.175215,0.215566,0.046530,0.140622,0.335511
4,0.047406,0.010241,0.254564,0.054860,0.282064,0.067799,0.012292,0.270775
4,0.051149,0.000036,0.044567,0.037122,0.322907,0.000374,0.094297,0.449548
4,0.117523,0.000033,0.035882,0.136745,0.247246,0.012777,0.038014,0.411781
4,0.179964,0.000156,0.018623,0.029899,0.100814,0.010176,0.183034,0.477334
4,0.149323,0.015931,0.102936,0.064108,0.399850,0.014027,0.016833,0.236992
4,0.120163,0.000033,0.014551,0.013861,0.371117,0.000664,0.055257,0.424355
4,0.095801,0.027813,0.304694,0.007227,0.153330,0.060833,0.000322,0.349980
4,0.069658,0.003636,0.101982,0.065993,0.240140,0.041885,0.015544,0.461162
4,0.245199,0.000000,0.000723,0.006943,0.081953,0.000049,0.195247,0.469886
4,0.181387,0.000661,0.025394,0.123988,0.159665,0.014264,0.148115,0.346527
4,0.351960,0.000010,0.000697,0.001348,0.052975,0.000049,0.230856,0.362106
4,0.126859,0.000332,0.019385,0.009336,0.477103,0.004434,0.029733,0.332819
4,0.054525,0.005775,0.032057,0.067907,0.529928,0.008197,0.136709,0.164902
4,0.088499,0.028112,0.244274,0.034118,0.287347,0.056549,0.002718,0.258382
4,0.221891,0.000062,0.003434,0.036882,0.117363,0.005326,0.205319,0.409723
4,0.307373,0.000000,0.020355,0.002526,0.209229,0.001084,0.031953,0.427480
4,0.135036,0.000029,0.027285,0.082041,0.199482,0.004248,0.074652,0.477227
4,0.488613,0.000182,0.015078,0.000065,0.019613,0.000033,0.002230,0.474186
4,0.190117,0.002380,0.047594,0.076536,0.157083,0.024798,0.124694,0.376797
4,0.060573,0.000081,0.063356,0.117943,0.224157,0.012708,0.068011,0.453171
4,0.273792,0.000566,0.147487,0.004922,0.269652,0.000778,0.025345,0.277458
4,0.103835,0.005426,0.116969,0.089570,0.270706,0.029756,0.008646,0.375091
4,0.165599,0.015859,0.174821,0.077910,0.196195,0.053294,0.003070,0.313252
4,0.273626,0.000488,0.056208,0.006410,0.309808,0.000534,0.035280,0.317646
4,0.177005,0.000007,0.002119,0.057318,0.209144,0.000664,0.140355,0.413389
4,0.355361,0.004951,0.009359,0.007204,0.125951,0.001924,0.068643,0.426608
4,0.094017,0.000007,0.030768,0.028610,0.434788,0.000052,0.117529,0.294229
4,0.133031,0.000137,0.203115,0.004440,0.435420,0.001162,0.027881,0.194814
4,0.089268,0.001025,0.023398,0.045921,0.406309,0.004551,0.133893,0.295635
4,0.218314,0.000150,0.003154,0.041081,0.092562,0.000791,0.171442,0.472507
4,0.162301,0.000452,0.026833,0.093418,0.100332,0.014186,0.171383,0.431094
4,0.310326,0.000003,0.001146,0.001410,0.044274,0.000003,0.204801,0.438037
4,0.152923,0.001960,0.101911,0.008213,0.299030,0.001693,0.011950,0.422321
4,0.097715,0.001406,0.063180,0.051917,0.327536,0.008913,0.069525,0.379808
4,0.113301,0.000114,0.066761,0.095485,0.379941,0.003717,0.027646,0.313034
4,0.212546,0.000007,0.022070,0.002803,0.344980,0.000107,0.024313,0.393174
4,0.222809,0.000023,0.002480,0.004723,0.097272,0.000085,0.237848,0.434759
4,0.086901,0.000010,0.011416,0.078757,0.246084,0.026117,0.092907,0.457809
4,0.044297,0.003255,0.235817,0.065908,0.274844,0.052422,0.022445,0.301012
4,0.097477,0.000062,0.033857,0.115931,0.222337,0.010827,0.028376,0.491133
4,0.161315,0.010182,0.096882,0.074134,0.196208,0.041247,0.016745,0.403288
4,0.140371,0.015599,0.101823,0.084551,0.182764,0.052096,0.017676,0.405120
4,0.193236,0.000039,0.013128,0.025524,0.197327,0.000326,0.072721,0.497699
4,0.417129,0.000026,0.038411,0.001784,0.133441,0.001341,0.017402,0.390465
4,0.078496,0.016751,0.332809,0.051354,0.234596,0.048805,0.016198,0.220990
4,0.162279,0.000000,0.035485,0.006602,0.279121,0.000033,0.053167,0.463314
4,0.182575,0.000641,0.017845,0.008779,0.216204,0.002096,0.092884,0.478975
4,0.050560,0.000007,0.379355,0.001986,0.242757,0.001240,0.015322,0.308773
4,0.197904,0.000000,0.000905,0.007080,0.068532,0.000026,0.236152,0.489401
4,0.095824,0.000007,0.042419,0.088411,0.351966,0.006540,0.107458,0.307376
4,0.209886,0.024521,0.244089,0.022643,0.104616,0.049430,0.002025,0.342790
4,0.134993,0.000033,0.095700,0.000745,0.342103,0.000036,0.009447,0.416943
4,0.161071,0.005765,0.042308,0.085677,0.159046,0.016966,0.191663,0.337503
4,0.157939,0.001120,0.029346,0.153721,0.144033,0.044941,0.199694,0.269206
4,0.231494,0.000000,0.024417,0.008053,0.266299,0.000059,0.049242,0.420436
4,0.045039,0.000052,0.050762,0.059697,0.257946,0.006016,0.092979,0.487510
4,0.190046,0.000000,0.138027,0.000723,0.206719,0.000000,0.027067,0.437419
4,0.165452,0.000075,0.002165,0.046120,0.102327,0.000833,0.287998,0.395029
4,0.062279,0.000563,0.243861,0.062712,0.235120,0.068193,0.033467,0.293805
4,0.056367,0.001589,0.059941,0.103014,0.203659,0.021608,0.061641,0.492181
4,0.288893,0.000000,0.000895,0.004137,0.081165,0.000013,0.249294,0.375602
4,0.118047,0.000179,0.007422,0.002503,0.190462,0.000290,0.070905,0.610192
4,0.071117,0.000885,0.057614,0.088486,0.294326,0.030566,0.071686,0.385319
4,0.183786,0.000016,0.004131,0.012253,0.167292,0.000065,0.198356,0.434102
4,0.143883,0.000000,0.227731,0.001872,0.255892,0.000107,0.026790,0.343724
4,0.116693,0.000065,0.065524,0.085199,0.322734,0.007402,0.039577,0.362806
4,0.194684,0.000000,0.022324,0.006657,0.317956,0.000065,0.032054,0.426260
4,0.194867,0.001693,0.119743,0.050446,0.184222,0.032917,0.013652,0.402461
4,0.211110,0.000042,0.001764,0.030788,0.048164,0.003138,0.199092,0.505902
4,0.080016,0.000098,0.035133,0.118421,0.221680,0.016286,0.029730,0.498636
4,0.199935,0.000020,0.005426,0.014574,0.118096,0.000120,0.107799,0.554030
4,0.083864,0.000075,0.030983,0.071960,0.331670,0.003392,0.054980,0.423076
4,0.299261,0.000003,0.042575,0.001139,0.156862,0.000313,0.025866,0.473981
4,0.190199,0.000000,0.016973,0.004997,0.325944,0.000755,0.046484,0.414648
4,0.230703,0.000000,0.002783,0.025182,0.115407,0.001533,0.210804,0.413587
4,0.082259,0.013926,0.083887,0.065107,0.322585,0.027689,0.011403,0.393145
4,0.154629,0.000101,0.016331,0.006400,0.284395,0.000697,0.082653,0.454795
4,0.069557,0.000283,0.009264,0.186257,0.187503,0.030374,0.155264,0.361497
4,0.094499,0.000937,0.022757,0.038978,0.476836,0.003008,0.118366,0.244619
4,0.140251,0.025993,0.087500,0.085114,0.343330,0.008493,0.016686,0.292633
4,0.053721,0.000182,0.033232,0.100482,0.351572,0.019974,0.035820,0.405016
4,0.242943,0.001012,0.020059,0.004150,0.290029,0.000553,0.052174,0.389079
4,0.056247,0.006979,0.180264,0.081208,0.363128,0.050212,0.012604,0.249359
4,0.075410,0.000166,0.006423,0.196569,0.177923,0.036025,0.158926,0.348558
4,0.046006,0.024928,0.224886,0.073451,0.336608,0.046611,0.005866,0.241644
4,0.079548,0.000352,0.005602,0.189889,0.190498,0.041868,0.155094,0.337148
4,0.258981,0.000003,0.014056,0.002054,0.413939,0.000169,0.039268,0.271530
4,0.232682,0.023757,0.158268,0.017474,0.246051,0.034798,0.001706,0.285264
